$ 1 0.000005 10.20027730826997 50 5 50 5e-11
v 528 368 528 272 0 0 40 3 0 0 0.5
r 640 272 640 368 0 100
r 736 272 736 368 0 100
r 832 272 832 368 0 100
r 928 272 928 368 0 100
r 1024 272 1024 368 0 100
w 528 272 528 240 2
w 528 240 640 240 1
w 640 272 640 240 2
w 640 240 736 240 1
w 736 272 736 240 2
w 736 240 832 240 1
w 832 272 832 240 2
w 832 240 928 240 1
w 928 272 928 240 2
w 928 240 1024 240 1
w 1024 272 1024 240 2
w 1024 368 1024 400 0
w 1024 400 928 400 0
w 928 368 928 400 0
w 928 400 832 400 0
w 832 368 832 400 0
w 832 400 736 400 0
w 736 368 736 400 0
w 736 400 640 400 0
w 640 368 640 400 0
w 640 400 528 400 1
w 528 368 528 400 0
38 0 F1 0 0 30 -1 Voltage
